"","S1","S2","S3","S4","S5","S6","S7","S9","S10","S11","S12","S13","S15","S16","S17","S18","S19","S20","S22","S23","S24","S25","S26","S27","S28","S30","S34","S35","S36","S37","S61","S62","S63","S65","S85","S86","S87","S88","S89","S112","S113","S114","S161","S162","S164","S165","S166","S167","S168","S169","S170","S171","S172","S173","S174","S175","S176","S177","S179","S182","S187","S188","S191","S194","S196","S197","S198","S201","S202","S203","S204","S205","S206","S207","S208","S209","S210","S213","S214","S215","S216","S217","S218","S219","S220","S221","S222","S223","S224","S225"
"S1",0,-0.431957024789196,-0.731845820227144,0.6482403789231,1.2356308086411,1.767031717211,-0.480714213287231,2.27992495236759,0.848867824982569,1.38016612945623,-0.458178176699448,1.88821721193914,3.72470005955682,0.9398798498649,5.52771211988866,1.03873275261605,0.485535674385245,1.18932908580643,-0.6238254073057,-0.673383208839816,0.55426002664018,0.509268789952491,1.12685616334624,-0.58977204574419,0.762955142351898,-0.354369473336667,0.58741761955093,0.0402419474829184,0.308102940557839,1.93144492865463,1.07623150727655,1.0074847710881,2.67110661514988,-0.0581915638343833,-0.319887563675547,0.422145260055881,-0.505920416024455,0.232980273568955,1.05012010668588,2.50324673405262,3.06457391419601,2.48197965483933,1.9884486341627,1.78848988775654,1.2717130060274,2.22912359621375,1.53401707430191,-0.775548842509867,-0.0410913118233257,0.208570460576532,2.64105354310803,1.85548890684937,1.76262107941064,2.68849661180854,2.32129675062547,2.54300046209906,2.85534742197459,1.96752121137756,-0.877684685562226,-0.672378049716337,0.624242887434792,0.0335164934825166,0.34491531768442,1.42381260624276,4.09359439725364,2.59428977300812,2.52694381306291,2.60442464125241,2.8656062277662,-0.203534686149306,1.2279922760643,1.61820784203581,3.46252270503997,-0.673066790535904,1.03477444764003,2.25777486190163,2.11808912614533,1.71034760226399,0.750420771287859,-0.184945328808178,0.929092384311832,0.80686767148345,0.0825250285243405,-0.148478047770879,1.64029663108029,0.648989762490938,1.17098788181343,1.74229675897039,1.32794447050966,0.341969466699029
"S2",-0.431957024789196,0,-0.981675706816853,0.137162165648597,0.899065377371359,-0.411427775133339,-0.591495211265445,-0.0454098935133614,-0.505087829040126,-0.641447728233703,-0.952165068025409,-0.152068776340195,3.21839943880858,1.09075065516783,5.30955004728978,1.59557422522417,-0.480512453298117,1.79952858914806,-0.806892956429825,-0.691527410954988,-0.519976123178622,1.26639254429487,-0.102867872608129,-0.461842023643996,2.06592876433014,0.0725064018967637,2.02696423618631,0.571850171829471,2.61096889110379,1.35472155031992,-0.659597873031197,-0.589232915062258,2.06856936781408,-1.25828067936584,-0.00156074484186707,-0.128781106542934,-1.07780666991545,-0.28026919425858,-0.0393642035290256,1.31546250361953,2.17876672587042,1.46605450830866,1.45050493095619,0.695951002897678,0.0160277491457187,2.22145730100716,0.422114260422499,-0.515072237611504,-0.10773922574411,0.814703551574504,1.60192511475123,1.69140022159091,1.72617684116228,1.06558458131852,1.64783761681776,1.11529109818356,1.24703141441443,2.05609832109297,-0.720462108637048,-0.831927860027448,0.575211383715557,-0.171446597065555,0.0214023969325487,1.61639530936643,3.29906856747467,0.794739271065464,1.40115558448486,0.44424484929699,-0.0568714246644865,-0.154045126408722,1.70378782582544,1.54647261579048,2.63443011837342,0.158205038331269,1.78620161821661,0.975861077834616,1.14042311438996,2.44139733150234,0.91109837125667,-0.239623735938848,1.31096017757314,-0.449540546882586,-0.729951033727142,0.545014506285089,0.792106278706797,0.567179206230534,0.0471405576871101,1.56380607615808,0.999217222445029,0.13904899910894
"S3",-0.731845820227144,-0.981675706816853,0,1.09833418657623,0.020692868177392,-0.756060504237238,-0.752151407388061,-0.610208899851168,-0.598102072587935,-0.95036119158281,-0.939227997529012,-0.13727225881,2.61707950533495,1.16332057322739,5.93536663833325,0.614726034057675,-0.392938195727741,0.125439997395114,1.19346852275747,-0.482057452469266,0.815823863265633,-0.263824522432929,-0.344428565746127,-0.0526007185767437,1.1326244880407,0.412804669569649,2.08653817579053,-0.13312802644246,-0.127383601840476,1.34011128856457,0.664675528027217,-0.365047488128504,1.98510242913511,1.01679550738184,3.60582959573066,2.47199466252997,-0.0186395440101292,2.04462217086957,3.31996581730343,2.77799560735743,3.78996025162735,0.988650530841571,1.79262808627785,0.74011889945924,1.72538547911471,3.29442608790474,3.9255175143553,0.377105230118617,0.929924522650464,2.91436239112885,1.1932880297599,1.00133072541984,1.9704617403508,1.04254521221705,3.69987906480028,1.9262509644669,1.65824305564086,2.11877773158451,-0.825635242511262,-0.663703087958296,-0.0820835212545876,-0.553718265002902,-0.736667480664032,0.910038116894562,3.739856913863,0.571319763735503,0.0860228540574105,0.0512652952047734,-0.325352038584052,0.333673909047742,4.32224097126133,1.05077648072924,2.31392841635929,-0.396987772215932,-0.0285267446295415,0.490239636219726,0.624982811601182,2.16252792739586,-0.54630699573114,0.321419600096643,1.86280873128106,0.137271368613993,-0.957746228262308,0.720364038917509,0.729467389994889,-0.0590711410039807,-0.122722804742653,1.20136394382418,1.19936570101796,-0.180703579237564
"S4",0.6482403789231,0.137162165648597,1.09833418657623,0,-1.08522433682733,-0.382809967376556,-0.821372455765983,0.930496527786001,-0.347493464802597,0.0121986614293474,-0.91578332063127,-0.298120913251176,0.830759183971287,0.226649393314721,0.418093359360181,1.12911625804209,1.10255133712447,1.37604289971461,-0.784896494401386,-0.581176018759199,1.29552412518392,-0.997831130383553,0.206516859824868,-0.0169802562650367,-0.615461887505546,0.00424151480223054,1.14522616326588,-0.984151751026702,-1.04850278654364,1.32954132768127,-0.410510372658297,-0.999083919504123,0.562673994745657,-0.353356056630946,1.27274396170853,0.218887333645881,-0.859385761395504,1.29700479304951,0.355771084008965,0.909535907685321,0.184275739210225,-0.318777746592473,-0.232346712476491,-0.818981544316618,-0.329501999019313,1.43393451743946,-0.161108005001906,-0.338325535569828,-0.474197726004046,1.87276744528313,0.32507504203481,1.38332020925563,0.419439237954123,0.013997080250348,0.921137118930787,0.535921679693955,1.11373320623566,1.55353112994819,-1.24409121422571,-0.877278787628854,-0.0360260070437935,-0.430960955177768,-0.42959038485519,-0.772973043982734,-0.50909799445608,1.19568108264787,1.41319410089688,1.22618440758182,0.153739336103827,0.370731158555119,-0.501924868118089,-0.485300519733311,-0.176627771602492,-1.75250796380315,0.503535634597266,0.895614936572132,0.693948498426484,1.15364961088787,-0.899287123058548,0.866728940552101,0.309195049789829,0.249441678170596,-0.712136536179318,0.557241931640718,1.12481775900008,0.338150705769504,0.231286329654208,1.01652998078563,2.16076523913081,-0.222260594809665
"S5",1.2356308086411,0.899065377371359,0.020692868177392,-1.08522433682733,0,2.93957620284834,0.517684397551986,0.223404947711024,0.608326381596134,0.390807798588654,-0.347646531374265,1.12772623451363,0.552976689129375,0.512723460575026,0.248806296973242,0.14075746941334,0.832782527186007,0.643345088655987,-0.972206896643949,-0.674124536859985,-0.235933768224699,-0.378394762346101,0.0586528930043272,-0.00815778713311914,-0.972984720184461,-0.312959867140481,0.771561988208311,-0.0853973206023313,-0.521865607493882,0.721104936115177,-0.0539310056191612,-0.593315416266105,1.40655175631081,0.0380672825577487,0.959285829919112,0.5594286627577,-0.0831030899858476,1.80416018472378,0.317952226458871,0.268115797066604,-0.0312048680900954,-0.742405655465691,0.198998497576724,0.120995859888675,-1.13113433181314,1.11504864379558,-0.149737962382636,-0.495273546245527,-0.293384578741874,0.542050498880301,-0.556875605912054,0.0437965345562673,-0.0267453091567405,-0.759327501903481,-0.478819331066171,-0.915285220734429,0.730825414500839,1.11893820327784,-1.19931721431136,-0.824060653834183,0.19235055223799,-0.0339387938398752,0.139213151366243,-0.236023502515041,-0.595201044657304,0.989661671456112,0.643474395200173,-0.0782511903260827,0.168869631911879,1.10599435041409,1.7079162020017,0.326784319757889,0.434065958422161,-0.609238933097089,0.776882972774654,1.1161447757754,0.40060017118087,0.738925763281895,-0.519243683272181,0.32992751805213,0.718419656022233,0.0839630232025047,-0.717601203006752,-0.545104407955989,0.493930176883425,0.161404752380535,0.0359754717575429,1.49402784206611,1.30691709647767,-0.492035844068367
"S6",1.767031717211,-0.411427775133339,-0.756060504237238,-0.382809967376556,2.93957620284834,0,1.36876511010668,0.657671020435121,0.615583692639995,0.712678179853432,0.915223100870479,3.52513458811219,2.82968318456529,1.01112827096376,4.74116961339185,-0.272363998856154,-0.292662455579203,-0.188030727678494,-0.63665905523702,-0.69898225112221,-0.56504283691652,-0.085615917461499,-0.574034173891763,0.159034957633488,0.376450870648334,-0.00702065641340858,-0.0614157492054312,0.0678061850044875,1.62914925305914,-0.588929341229614,0.154299593380199,-0.0628505341270463,2.14297832546604,1.05005669644981,-0.132255807900976,-0.327025612236952,0.125464733606076,-0.263785109676075,1.32099942357091,2.57379171357367,3.55760228362628,1.61815360056193,1.57569582742954,1.24690638229283,1.58130257431712,3.72014786367565,3.98376270750036,0.127959413751125,0.901763669405124,1.69159703329685,1.92037552381773,2.65006615797674,2.87464709936267,1.8812235037185,3.82185983891766,2.26700159141355,2.38871956889968,1.73681144703379,-0.953782255170054,-0.943179082803077,-0.228876989478387,-0.55896672783289,-0.234987570793483,0.396106935359899,1.37822441216391,1.5915554997004,0.645768065419029,0.0332712505288794,-0.752647012563698,0.422531996018279,4.38307496154543,1.87646655228833,1.85099285561241,1.12590032846213,0.782144988347277,0.332533414824474,1.43201665622509,1.51496008475824,-0.0366250878315726,0.825663962784767,1.10536244465408,-0.268107077470529,-0.456960221903982,-0.275399651018362,0.68211308186421,0.151457615270566,2.16085308710295,1.59341946766036,0.57002792901537,-0.443122651727126
"S7",-0.480714213287231,-0.591495211265445,-0.752151407388061,-0.821372455765983,0.517684397551986,1.36876511010668,0,0.682605932084266,0.440642548745223,1.92968480221005,0.491457634570882,0.68842093335496,0.438974135474125,0.216716694815024,0.638618035662214,0.952972167640276,-0.379826874189406,0.206456555222449,-0.847253553699283,-0.841643123869434,-0.685856371407533,-0.764953446218894,0.441855551033563,0.375123383950855,-0.329421396618214,-0.290412533995517,0.266187202964865,-0.197035626268607,1.2740497964574,-0.105652185990988,1.30522956928369,1.2322412546784,1.92261584317125,0.204916325801699,0.921594980641395,1.47411799340597,-0.0451378958820886,1.49109294728564,2.46295645127211,0.753449622990298,1.34795609422776,1.24727570242824,1.44619331416818,1.54559139683363,0.388513750545256,2.26193949764264,1.10407369190617,0.323367431194721,0.329641853736499,1.69675529092457,1.74143527015403,2.52908472911849,1.09051297606067,1.56942546786552,1.57747978745963,1.66013777277274,1.52755385013413,1.06572224034577,-0.370183682898583,0.0366152423385971,0.0627641100163489,-0.294098741370091,0.0989295177710579,0.725166456859842,1.13658741750831,1.77418881683601,1.14266070020639,-0.0251459892852983,-0.639020044503087,-0.462942685673077,-0.0997047094440422,0.00406282803659112,-0.0451486610967278,-0.268769023033907,1.02916223330026,0.621789293897937,0.613172518874995,0.0319226538590869,-0.443879032944955,1.20234128248204,-0.318137753829144,0.499741019938682,0.125027533964189,-0.361265675354728,0.927493189834708,-0.361645495197524,-0.297026221753009,0.0359831291467743,1.4134000309518,-0.610286613033594
"S9",2.27992495236759,-0.0454098935133614,-0.610208899851168,0.930496527786001,0.223404947711024,0.657671020435121,0.682605932084266,0,0.230661990722237,0.799950423413693,0.148589426440644,-0.380488587164965,1.54045210165134,0.724163126507081,0.373367835114565,1.01168585607565,-0.420622514409341,-0.355497827804409,-0.528389845801207,-0.706740854064344,0.549338341877069,0.764454384400149,-0.452231550263223,-0.158813861095856,-0.61521893436051,-0.219361505142944,0.878767157296291,-0.757686931169676,-0.736435810412538,0.428667486138863,-0.652974649771164,-0.672076866248961,-0.314709949411605,-1.40839500982951,0.54271843710174,0.277747971641066,-0.581719585997334,1.62279852350832,-0.00993655799204239,-0.631506425118838,-0.893104379070599,-0.666529018803674,-0.164966423662154,-0.26650616494236,0.400156815874398,2.05618171627287,0.181141415357564,-0.728589699137683,-0.170981862384752,0.629659568848997,-0.467900829371568,-0.234762346988689,-0.423231793705122,0.130285257365739,-0.0890466740580906,-0.101450010142542,2.00843525494811,2.00081361670872,-0.879719793951598,-0.963207512594875,-0.0242310650379635,0.200308234840216,0.672434054450414,0.919639337497148,2.74668840991726,1.39522477936391,1.44021136161933,0.944052827603388,-0.277457399525229,0.889638711473115,1.80220017126631,1.86851058531437,1.41370467913933,1.68564057272537,-0.292223598750332,1.73274328700382,1.42132075585282,1.87001003962784,-0.173672426582513,0.0304571339912677,1.02546544801883,-0.537890719498721,-0.377305814503202,0.837545652906566,1.55563528166632,0.892426484554367,2.42224213001347,1.55883438711164,0.583695617997745,-0.641775934700747
"S10",0.848867824982569,-0.505087829040126,-0.598102072587935,-0.347493464802597,0.608326381596134,0.615583692639995,0.440642548745223,0.230661990722237,0,0.492093331000805,-0.0109500085082389,-0.449538825082039,1.16448877963064,-0.0749707217030468,1.33807198081971,-0.226531010414675,0.427120089995732,-0.294626690133101,-1.10756994312909,-0.995074323061961,-0.709576126121694,-0.424107906854082,-0.431437556099068,0.00106183947305609,-0.464453485647556,-0.374992428296282,-0.0014993532343997,-0.446638344256407,0.466333619199134,0.0664115867069861,-0.131568242077758,-0.537645854601063,0.759069704764619,-1.07015496303347,0.182474960110445,0.447934567616063,0.653558800253838,1.7549653128535,1.14407729837541,0.0710198246706084,0.438550961228575,1.21116776860275,0.674654810004753,0.510501955556073,-0.0938132161977977,1.1132922088218,0.0112732001434655,0.101643262803466,0.20818879013955,2.88814610744378,1.4273729455485,1.72533873009268,1.50911984941952,0.993985238908155,0.84670768240061,0.935264187803963,1.10978112898206,1.94203792967252,-0.903004881536791,-0.973818073942506,-0.0795735303496976,-0.000745055001627994,0.335147938683215,0.382704220294088,2.15869715023986,1.10459706619314,0.508127833795004,-0.670931104786412,-0.600510279999682,0.242867982753216,0.0278660014521886,0.885799430446479,0.964225501703789,-0.0900671879028659,-0.608306431326958,0.303179479668245,1.10443916948346,0.431381476629477,-1.16849977000351,0.701173029272548,1.03382175595188,0.167312273554096,-0.739557790574287,0.121900015790338,0.322990752917482,0.26111719079903,-0.427434907586832,1.07057332825589,0.637076645005181,-0.541708225370504
"S11",1.38016612945623,-0.641447728233703,-0.95036119158281,0.0121986614293474,0.390807798588654,0.712678179853432,1.92968480221005,0.799950423413693,0.492093331000805,0,0.304879594110404,1.00385070046449,2.48162940132684,0.847370674078892,5.91931867893446,0.175575878680696,-0.269068022857802,0.254282509756355,-0.635583521388116,0.0430874557972713,-0.877784016626454,0.858884802599049,-0.0525124320444547,0.890016352607636,0.824787326996481,-0.476195685353948,0.962871647777615,-0.647228704286883,2.303858914727,-0.285299442556931,0.45696544828964,-0.374541130147243,1.53931676454204,-0.776190138223743,1.5795075195758,0.916240980667726,0.0735572421135628,1.46723370337637,0.268399974983288,0.283457837037728,0.821262519871526,0.919524862578777,0.506796797423466,-0.241582667408837,0.0184483142102501,0.824483760385992,-0.537809682148874,-0.359354642190801,-0.106682389834249,2.62587742112915,0.918627625093878,1.83299452169316,0.984261189549848,0.844650981889405,0.782296531600406,0.517355021080884,0.631435679599006,1.31974737492432,-0.635300004828291,-0.746492660902937,0.472421810630343,0.168316681152657,0.656066871707803,0.260775644270755,1.12468506206628,0.671224093095439,0.710468855482904,-0.563776512656448,-0.437356555011749,0.963518052199502,1.49225543125373,1.03622575357707,1.40712479007046,0.694789159696992,0.438018958548748,1.27682566819917,0.970720453255787,0.908328469870933,-0.561715195660387,0.307632595981824,0.633255772458984,-0.332090386870757,-0.394982947318373,-0.0573387248892487,0.854980477697852,-0.104751995319667,0.700965268241485,1.10984368278233,-0.0548351484422267,-0.0830944985219962
"S12",-0.458178176699448,-0.952165068025409,-0.939227997529012,-0.91578332063127,-0.347646531374265,0.915223100870479,0.491457634570882,0.148589426440644,-0.0109500085082389,0.304879594110404,0,1.31391738328114,1.31346348957868,-0.258257219388076,3.06321456909573,-0.450153878511845,0.746880401145116,0.128722475556166,-0.936164528254209,-0.856305892068541,-0.874396507035068,0.505910723361919,-0.165032947915078,-0.778634236690663,-0.0429820926509607,-0.711414309638224,-0.022814144243972,-1.24382167422852,0.0744474666748947,-0.15495025316464,0.712698477661018,-0.0513735812234853,0.445886530471243,-1.12716713261055,0.461892120330316,-0.122919762483438,-0.140192358379629,1.48756736865375,-0.359425891794461,-0.400637882724902,0.131724369187591,0.291637574987904,0.453344350596295,-0.00338378811892597,-0.210218024762627,0.82662692237002,-0.192970585993494,-0.416740928463479,-0.416954802794198,1.0894263366057,0.801557825726802,1.27397915444609,0.832986928779324,0.699219701423951,0.623832681054869,0.635827189771547,0.881275344976087,1.41886408246096,-0.142928171931794,-0.676853866258808,-0.963049129689085,-0.675338690111784,-0.841060241747535,0.37794887037597,1.7402315095103,0.33672450393038,0.43163031675196,-0.880978677075317,-0.663038778564957,-0.550315717488869,1.11907333751473,-0.121270306067496,-0.413604985275248,-0.546638678535013,-0.847205507033815,0.185108062199307,0.555375661531263,-0.132685674786173,-1.3337149666695,0.699007022707461,-0.20214588559174,0.0306457740032144,-0.469713439164065,-0.686806844923227,0.563068389783189,-0.523534782791117,-0.50127083280363,-0.258826931365716,1.04509093943872,-0.760447962101297
"S13",1.88821721193914,-0.152068776340195,-0.13727225881,-0.298120913251176,1.12772623451363,3.52513458811219,0.68842093335496,-0.380488587164965,-0.449538825082039,1.00385070046449,1.31391738328114,0,1.82652358748223,0.505050745467338,1.94968383517547,0.0649877303752345,1.45860312962658,0.866851083579729,-0.869652217905173,-0.724837686072723,-0.541290987314348,0.265297725428731,0.0484154425804411,0.919914145324245,-0.966306481119107,-0.60259756049635,0.214772678852384,-0.531122963332176,-0.112691801579482,0.0781233193730981,-0.774508207211797,-0.724032591307024,0.617230114509034,-1.28233424505253,-0.909245229394714,0.14911248680061,-0.264526403913995,0.199496558790312,2.04932283843493,0.721792793658947,0.72634979006309,1.34025231791874,0.366452869520014,-0.0121744414818634,-0.108049963920846,1.4939838132331,-0.247583150156032,-0.240089583217776,0.172715463736822,1.33816734699247,-0.129133824823548,0.363649691491836,-0.116510558009668,-0.0205940958413962,-0.35301776248914,0.0935909055824712,1.5458180199891,1.49199180467481,-0.848643574991838,-0.687317058614644,0.161504703669083,-0.110671504419099,0.407014042348606,0.746685357504564,2.57294507985956,1.37626060597826,1.41843808117694,-0.135557443416544,-0.917620539252428,-0.170153252733322,1.15914367690227,1.23247140629081,1.09751722163688,0.626938754629001,-0.325711145890747,0.412451581881837,1.56043099316208,0.813081493762084,-0.269760507503901,1.54159215812869,1.02708363166018,-0.100086279041872,0.240182708789673,0.461286591478193,0.683691590334261,0.0993381696178021,0.208702539069479,1.47112509017808,1.1205002653751,-0.618375809811157
"S15",3.72470005955682,3.21839943880858,2.61707950533495,0.830759183971287,0.552976689129375,2.82968318456529,0.438974135474125,1.54045210165134,1.16448877963064,2.48162940132684,1.31346348957868,1.82652358748223,0,1.0944188538968,0.845461855221065,2.09339254564943,2.49576927818586,-0.670566315819353,-0.776822595029644,2.07593019015309,1.70796110129783,1.92885986991643,1.26197898310298,1.50894409039283,0.537057903256406,-0.12067361110435,0.368615271838843,-0.277492464762263,0.555620156777093,-0.758045816865941,0.314159269129809,-0.19678643644783,0.740073741673985,0.135411826961158,-0.598338333742938,0.434755474612437,1.11888559035538,0.838878495683961,0.933536492374777,-0.51180613889462,0.895726287833156,1.60924277714948,-1.05482743727492,1.69346466868106,1.19899722380311,3.19941757260439,1.21525038144258,2.10578418069278,0.426192677542104,-0.18744757230801,0.382282793197569,0.372194921295873,1.34695902652462,2.01180355371888,1.3940699434053,1.39266869546499,2.86237213874143,2.35418971951133,0.561963551950302,0.919089110372932,3.03845262990696,0.961894900997391,1.75982978599323,-0.504906510243448,0.539797072706781,1.61672857825505,1.5774769732134,1.96404310535373,-0.160805518561729,0.618273739042481,1.11161514986178,1.61531368328028,-0.254071035769618,1.64177759620682,0.641895720160666,2.64274379889267,1.86642963371281,0.532204034426638,0.142959490629974,0.192172724974537,2.47790665403681,2.12438941550334,0.654900197054315,1.72954335117659,1.37355626699849,2.68403623977753,2.65425591369018,1.6713994966631,2.97695047463213,0.107658778620447
"S16",0.9398798498649,1.09075065516783,1.16332057322739,0.226649393314721,0.512723460575026,1.01112827096376,0.216716694815024,0.724163126507081,-0.0749707217030468,0.847370674078892,-0.258257219388076,0.505050745467338,1.0944188538968,0,0.731162316159967,0.537634591701891,1.61151647928012,0.457888075870946,-0.523827786987427,-0.108692497949434,0.975729765164317,0.28585960071015,-0.584683206432945,0.687691442295793,0.116037735086016,-0.175542784148246,-1.01824668669203,-0.968155821392518,0.597509879173995,-0.126561186756688,0.143787074439021,-0.406351912359879,1.03346988369873,-0.158174151532961,1.07711584881956,1.02898371982042,1.22631044861798,1.50579001996181,0.498916868974577,-0.733145725758316,0.408907171953035,0.472826189270484,-0.985871019428151,-0.824265228206144,-0.279268600047929,0.735648410599577,-0.574808292731364,-0.58756306017576,-0.981500053308633,-0.413512513867268,-0.395127300249547,0.187154545592918,-0.427641937275882,0.0635983814798549,-0.61534793806744,-0.811507316190527,0.335966386955313,0.492500283564332,0.226685533973113,-0.375030313640331,1.7907854985728,0.973540713546397,1.23993902555344,-0.0573498804898945,0.21542685555567,0.457307612035924,0.184233340284233,0.690201887305744,0.309097311810134,1.15633364541673,1.66083355989023,0.994116664008525,0.495332439106573,-0.0286686532101358,0.658515384348531,1.10163243226063,0.656681108732611,0.95890709015233,0.103852140295651,0.337572080056757,1.16013431869856,0.850327762827367,0.777568928956706,1.11478059016994,0.934898774467904,1.49588671969004,-0.00701550173859614,1.79625642098706,0.750388402825765,0.275658439374342
"S17",5.52771211988866,5.30955004728978,5.93536663833325,0.418093359360181,0.248806296973242,4.74116961339185,0.638618035662214,0.373367835114565,1.33807198081971,5.91931867893446,3.06321456909573,1.94968383517547,0.845461855221065,0.731162316159967,0,5.55118920826344,6.02514176353302,-0.432277777478924,0.00109096505981167,3.32796560011692,5.97263437553909,2.53025055269988,0.461998315507463,5.20007661318322,-0.263586156804907,0.221470196302444,1.04555879994639,0.445840010882861,-0.045838152714134,-0.143035895991868,-0.340420969915176,-0.685438001054325,1.05282857876383,-0.669445273492761,-0.0269265397366867,0.283060743137794,4.69419946965384,2.65734205965586,3.11293608602888,0.469456377138297,0.314245948094597,4.81867058856517,0.627281763270336,3.63600954851601,1.03910126106681,4.25659374361549,3.4361932992203,5.96129230082575,3.12296572973151,0.0393137010441546,0.989519472480748,0.463904507954397,3.78987528954926,3.62928992353409,3.21803482251933,3.25861809958588,3.853102554756,3.55078789135937,0.200406807908282,2.40791627848396,3.53141802016832,0.376085974653193,3.23626058545595,-0.295676394992949,-0.12786918016689,5.60777817017769,4.57047114844014,3.65366609940854,0.16642695946051,3.31223893541863,1.64289782372752,2.20602814048736,1.14358208607616,2.17079168080483,0.885123003256507,3.87542763039027,5.37251734956233,1.64367048347277,-0.0203032694041274,0.53076183750456,3.72416891122343,3.46119323030985,5.81182756624686,3.80875694224215,1.44364382772064,4.43151803888047,2.70016676911011,2.62123518114873,4.19802070641745,-0.407410840174684
"S18",1.03873275261605,1.59557422522417,0.614726034057675,1.12911625804209,0.14075746941334,-0.272363998856154,0.952972167640276,1.01168585607565,-0.226531010414675,0.175575878680696,-0.450153878511845,0.0649877303752345,2.09339254564943,0.537634591701891,5.55118920826344,0,-0.587478256828617,1.36445482832858,0.13936028497873,1.08465160122155,2.02775119863272,1.31968325585944,0.0769373055272631,0.109780193751846,1.35557419537231,1.55144207764803,0.827046055355229,-0.268367467441258,1.55456793708073,0.00858177551996349,-0.217952516295211,-0.575099472566466,0.737410632881085,-0.668612035991876,2.50045456654166,2.15321392693689,0.253554401875055,2.45357161361054,2.19203449312801,0.122286945561663,0.874092287229204,1.01149463427358,0.173874362408927,-0.221642455935788,0.365310882175385,1.75550510955333,-0.195983003726607,-0.534474988610535,-0.93210278986826,-0.495942094760586,-0.118761666522285,-0.602242956341097,0.0128328954886149,0.412983909495514,-0.509217669765613,0.161935050731751,1.92314570761595,1.76815555818096,0.325186718135838,-0.246609771859561,-0.181153550945549,-0.0364945111214931,-0.306161851861338,-0.0498233825054777,0.3809032322397,-0.331374679032204,-0.634321685142787,-0.306977257288309,-0.383145419828669,0.837903046285471,0.672718425257589,0.186033111506366,0.418195950464038,0.2228433695021,-0.447611102055232,-0.66228813006125,-0.636700485013694,0.413734677494026,1.47060080097272,0.181591667130215,0.533130808084695,1.57577289937196,0.219004331099899,-0.139151720791981,-0.113118181075676,-0.0605657175431885,-0.498326842124346,0.634676975657036,0.317172086043816,0.795810646536137
"S19",0.485535674385245,-0.480512453298117,-0.392938195727741,1.10255133712447,0.832782527186007,-0.292662455579203,-0.379826874189406,-0.420622514409341,0.427120089995732,-0.269068022857802,0.746880401145116,1.45860312962658,2.49576927818586,1.61151647928012,6.02514176353302,-0.587478256828617,0,4.99973890305346,0.527976275295423,1.42206541706728,-0.510639544544385,1.12552081151151,-0.929457507172006,0.359995628436646,3.3804333365011,0.927731865239143,0.780462979164349,0.0739370684954938,-0.0256232298912898,-0.690356120974056,0.794065116592505,0.128358129135055,2.49353077325972,0.8040484899003,1.05641179945094,1.99827793885795,-0.0032374228875871,1.73825287846116,2.11663503332613,1.03447301193849,0.239220830447144,0.0535444854702396,0.545115870039616,1.26054186529912,2.66948973969725,1.54017526680487,1.20572051030611,1.05007323007547,-0.232923716925303,-0.0326435302904718,2.67908252991443,2.19830216206883,1.24652214985186,2.4471569169704,2.30080654438737,3.14871317435112,2.13678017575178,3.45149792010188,-0.680392506157661,-0.610869020124922,1.78901551357747,0.875850009849591,0.548564154022242,1.21909903713126,2.51720143489204,-0.306727502967094,-0.75026274223808,-0.704463739698247,-0.278371171957695,1.21878824657515,2.5674388137469,2.12887652834648,-0.0903901730829853,0.149119926549285,-0.447419811971225,-0.114924276100332,-0.356326663082137,1.03668386196145,1.16505255151937,-0.701895972892876,1.22768515103954,1.27293311198945,-0.167442719964277,-0.61031073737578,1.37408314195512,1.46106385984858,0.354706615844555,1.36566939676002,-0.237558196240917,0.327196329833453
"S20",1.18932908580643,1.79952858914806,0.125439997395114,1.37604289971461,0.643345088655987,-0.188030727678494,0.206456555222449,-0.355497827804409,-0.294626690133101,0.254282509756355,0.128722475556166,0.866851083579729,-0.670566315819353,0.457888075870946,-0.432277777478924,1.36445482832858,4.99973890305346,0,0.197292291278152,1.324703366338,0.844687676214289,1.09587036834802,-0.491440315863174,0.602284272817709,-0.346315539701076,-0.491299891336786,1.36478041988386,0.822197358933144,0.331677737969477,-0.081811836334592,-0.3923793396919,-0.669710940803358,1.13809909419146,-0.278022337953154,0.00999470645837014,0.621588602480175,0.825281683323941,1.89888764181746,-0.151836987982058,0.00306208416548687,0.394434241563845,0.853538751873243,0.731097558481196,0.639745715620079,0.0609397736158117,0.592842082949249,0.155509496381324,0.0743177190227919,-0.414900280430005,0.29136486651695,0.707642552904044,0.221828737353218,0.267324767527066,0.72856040625076,-0.0969756457166485,-0.088614471842865,1.28712759457922,0.549520220162933,-0.606218139652866,-0.707372727726743,0.170512171557465,0.0340901502296831,-0.220669121972609,-0.435568714195473,-0.453283069572384,1.02811978231529,-0.278406248605162,0.554538774108164,-0.419853003704938,0.00223378691029425,1.11891443737219,1.38451553902337,0.36869434432057,0.268743772982063,-0.264497829078771,-0.0255953850588547,0.0567013212344692,0.118472664700578,0.176995623893408,-0.395244279341108,0.610383922840692,0.0578994445165969,1.40529250006705,1.27244868769799,2.0723536493384,2.13080641197333,0.159263893224655,2.09843854061092,1.90132127751027,-0.541562889958303
"S22",-0.6238254073057,-0.806892956429825,1.19346852275747,-0.784896494401386,-0.972206896643949,-0.63665905523702,-0.847253553699283,-0.528389845801207,-1.10756994312909,-0.635583521388116,-0.936164528254209,-0.869652217905173,-0.776822595029644,-0.523827786987427,0.00109096505981167,0.13936028497873,0.527976275295423,0.197292291278152,0,0.124922559213672,2.09075639451837,-0.184933333663765,-0.0920311571160961,-0.749246784585472,-1.171452678376,-0.00332248400926328,1.20105554714403,0.0960612321931253,-1.28925046593211,-0.0178824988253553,-0.953288057039907,-0.676198406341912,1.01841041857938,-0.249363990476103,0.575436839816166,-0.249591389093125,-1.07237773311131,-0.144157659361673,0.896142522896751,-0.349990731007027,1.39157710260824,0.162057051960271,0.396941428956165,-0.447587564264798,-0.770587066980443,1.27355338733872,-0.745516673130764,-1.30364393492283,-0.811045948556394,-1.01558396821604,-0.41121759660878,1.69739933849285,0.174361640485819,-0.472699588654386,-0.41632366091748,-0.276196893866826,0.301847176431842,1.3114826472373,-1.83461821806584,-1.49926277615366,0.0551460054777001,-0.470674029989551,-0.673957971317257,-0.975037296137707,-0.797565090268266,-0.292183056198785,0.445282090931225,-0.227868706985576,0.265224825867859,0.891186544236335,1.71466757485165,0.417008485474843,0.558236827955419,-0.926403790102359,-0.221481464641786,0.0784541724204699,-0.334412723808178,0.0385268614250787,-0.843888561440995,1.45043915757677,-0.195939046494669,-0.346423095530402,-0.688913597575725,-0.701738660873673,0.0325406105908338,-0.529007286132281,-0.141901544389486,0.95685961339365,1.66073163743794,-0.277244789155438
"S23",-0.673383208839816,-0.691527410954988,-0.482057452469266,-0.581176018759199,-0.674124536859985,-0.69898225112221,-0.841643123869434,-0.706740854064344,-0.995074323061961,0.0430874557972713,-0.856305892068541,-0.724837686072723,2.07593019015309,-0.108692497949434,3.32796560011692,1.08465160122155,1.42206541706728,1.324703366338,0.124922559213672,0,1.97904814365621,-0.154611405473706,0.0620497906228784,-0.504639736040766,0.791391035903373,-0.229344930452648,1.06647949695836,0.345144750182939,0.670891007580081,0.496768642222671,1.45884237190589,1.54996373469308,2.48653805401418,0.723554144911856,2.26846629177008,1.09934256789418,-0.234607543495444,2.53520408693328,0.354208254614703,1.99337632082289,2.99983463425596,1.98526894238725,1.60652060349049,0.681884707532907,0.250784192662991,3.11255790055533,0.491614268799187,0.0288569219753876,0.329896080285928,0.0932103570086432,0.872587886676515,1.7316452578825,1.38223501625406,0.238752788083339,0.442080384073504,0.744191093904901,1.83260805470006,1.56517380745758,-0.817301390888169,-0.525125409222266,0.255762449796127,-0.0967818850049298,-0.180384840984973,1.790664288942,4.28560396618814,1.19102146525813,1.36130828130693,0.909685378596736,-0.00136572714702289,0.323428359803235,1.82410923864846,1.52899812871013,1.60909861528769,-0.657968671686416,1.60933753182904,0.468714156324519,0.760726271399675,2.16703503338106,0.0554237343913886,1.1084151386834,1.16681405072735,0.419253338534975,-0.575070271892415,0.663196142171839,1.4754661712527,0.723579317092124,0.213299981695879,1.66293355336096,1.47153000199782,0.308970052195445
"S24",0.55426002664018,-0.519976123178622,0.815823863265633,1.29552412518392,-0.235933768224699,-0.56504283691652,-0.685856371407533,0.549338341877069,-0.709576126121694,-0.877784016626454,-0.874396507035068,-0.541290987314348,1.70796110129783,0.975729765164317,5.97263437553909,2.02775119863272,-0.510639544544385,0.844687676214289,2.09075639451837,1.97904814365621,0,1.6675714859994,0.544068972550133,-0.108588093958028,0.656845588718695,0.190910150207966,1.18817496918638,1.21283491073893,-0.0102408567652989,1.93706487876161,-0.298363102407238,-0.623268188962808,1.97462848284245,0.252470590847374,1.71488114375923,0.405535073309237,0.210845464734408,1.29045877720265,0.687676721253132,3.03237951434932,4.04319241603068,2.05498579108847,1.26694386932274,1.06188385349313,2.09484926567918,4.05212971600766,4.3182939434737,1.03107886968314,2.02823226223749,2.01415933322148,0.437145674408821,2.08177250012791,1.64536545732614,-0.0520394373446766,3.57075897131623,1.18215432585114,1.41341198388963,1.26107086460889,0.055075676882813,0.408092246550161,0.949603650432604,-0.0990375755812511,0.207078045476566,0.915502408200575,1.22233548990583,2.27349025808102,1.16394765844344,0.87676995732777,1.85541653234704,1.74794810670967,4.48202495904945,2.73537987265562,2.71532133023897,0.241990048818078,2.21422298849477,-0.541949354070751,1.62156625763432,2.57565738736427,-0.27697945227439,2.59628343117466,2.03740594602399,0.354602423790692,0.489722843829016,0.748745465281475,1.27565418716614,0.556117040507767,2.36362497596654,1.96365414400272,1.83115493178772,0.45088646025491
"S25",0.509268789952491,1.26639254429487,-0.263824522432929,-0.997831130383553,-0.378394762346101,-0.085615917461499,-0.764953446218894,0.764454384400149,-0.424107906854082,0.858884802599049,0.505910723361919,0.265297725428731,1.92885986991643,0.28585960071015,2.53025055269988,1.31968325585944,1.12552081151151,1.09587036834802,-0.184933333663765,-0.154611405473706,1.6675714859994,0,0.274554130952257,-0.217272171740873,0.172865196277161,0.79853251769606,1.36733139574371,-0.243259173147232,0.338235719251921,1.21443774877302,0.631913142304372,1.89512016771375,1.85246735261975,1.37584583641541,2.36076178177115,2.46917714147246,-0.883622780137571,2.11646878042285,0.452393055637478,3.493531219872,4.85964093007089,2.30277924194062,1.16554399007053,2.85234657772784,1.21510084396148,4.05206477119677,3.51299389390382,0.168271179953484,1.8533145102724,0.320177773812077,0.802810190215779,1.47235086660506,3.23972388984514,0.357859049562189,2.62460404332836,2.20405763381207,1.81617312205519,2.53888936055367,-0.930473461645684,0.411331756002293,1.42391457969644,0.584956849544496,-0.449803830093909,1.26996092510154,2.00350473034143,-0.116613600402892,3.1653027155533,1.45083731829997,-0.649389136459144,1.63060753412736,5.94128348236405,3.33596370458123,3.26005900931984,-0.0113307240665902,2.88731887288973,0.146439332569068,0.827397235479845,1.53916732889316,0.696737094433622,1.22706948293155,2.8045160743961,1.34281126298494,0.886829398891406,0.755458361319632,1.61893349317647,0.955292211789811,1.90489775436546,2.73882983551244,3.84639290872898,1.18271605830949
"S26",1.12685616334624,-0.102867872608129,-0.344428565746127,0.206516859824868,0.0586528930043272,-0.574034173891763,0.441855551033563,-0.452231550263223,-0.431437556099068,-0.0525124320444547,-0.165032947915078,0.0484154425804411,1.26197898310298,-0.584683206432945,0.461998315507463,0.0769373055272631,-0.929457507172006,-0.491440315863174,-0.0920311571160961,0.0620497906228784,0.544068972550133,0.274554130952257,0,-0.436883354312294,0.421553434241047,1.30417316467907,-0.700267437176093,1.50178648982606,0.682784480158957,0.609621368455101,0.152573034536283,-0.840384747293203,1.42166328111161,0.124308983773729,1.06126964130387,1.97024052529212,-0.487247987588533,1.92683888091659,1.82050755010951,-0.685857046417033,-1.02921300044154,-0.468514971835949,0.033125067610215,-0.409622060540903,0.382886185317545,1.26937718605222,-0.302411883686084,-0.360268804871552,0.145886257388812,-0.143833625269852,-0.473305144536975,-0.518687452327028,-0.200958520654748,1.14888231955692,-0.0159682219062156,0.0612535322224999,2.03659862249352,1.82752089615157,-0.304927434111226,-0.447467275024127,0.447529394509499,0.408432151404056,-0.0137208539369017,1.04237743366185,3.26684914805231,1.21550987058539,0.27314138736683,0.596520614833834,1.35022833998316,0.750529541666294,-0.0380933599443573,0.560607458452969,0.0967768584074939,0.60610526916145,-0.0738887076099579,0.554807254134629,0.339421298962018,0.0526659003146723,0.795376290288552,-0.544151488273875,0.0534496734897352,-0.284692945603246,0.505148176522612,-0.200626008333694,1.41024965064765,0.298617685196661,-0.420259453873768,1.23570786588067,0.0637216302040611,0.0639884566763858
"S27",-0.58977204574419,-0.461842023643996,-0.0526007185767437,-0.0169802562650367,-0.00815778713311914,0.159034957633488,0.375123383950855,-0.158813861095856,0.00106183947305609,0.890016352607636,-0.778634236690663,0.919914145324245,1.50894409039283,0.687691442295793,5.20007661318322,0.109780193751846,0.359995628436646,0.602284272817709,-0.749246784585472,-0.504639736040766,-0.108588093958028,-0.217272171740873,-0.436883354312294,0,3.23959976197987,2.01746907248627,-0.767002592484719,-0.270450923199013,0.680894378881964,2.45487474696745,-0.433935576315686,-0.707388318764781,1.64184125352016,-0.534216166332122,0.452484945189929,0.532872341175673,-0.612623771983214,1.8198408971776,1.30453845794163,-0.404340504263113,-0.0770067013622871,-0.254850314207878,0.552954085984646,-0.435116011349924,-0.0713411690984243,1.29982992402334,-0.62766181211596,-0.84075666762362,-0.872594937542548,-0.595805702014638,-0.116784339838993,-0.124079902231226,-0.000347040412610411,0.421517298998607,0.0131540794889092,-0.341090963509473,1.28554268045258,2.004457557051,-0.709999244620458,-0.979700230695923,-0.39793889101908,-0.344772353885396,-0.701550742506976,0.511194799718602,2.77649299396773,0.909446979335907,0.153683419490894,-0.0130085521378563,0.374601442215536,-0.471060882468423,1.19540939135955,-0.475842860636464,0.00688660690648942,-0.819576889043553,-0.216521558110364,0.244298671437452,0.269987442201093,0.844500922598214,1.69249018584323,-0.667132026887904,0.228734896610647,1.17551035833339,-0.398351339609224,0.125268656860682,1.39664308241901,0.112839806262844,-0.489947585826777,0.752636574559486,1.14926453548896,0.628319431328038
